2.409724146127700806e-01,7.590276598930358887e-01
5.444337725639343262e-01,4.555661976337432861e-01
4.956227838993072510e-01,5.043772459030151367e-01
1.840868741273880005e-01,8.159130811691284180e-01
1.759781539440155029e-01,8.240218162536621094e-01
6.265010833740234375e-01,3.734988272190093994e-01
1.755031291395425797e-03,9.982450008392333984e-01
1.074071675539016724e-01,8.925928473472595215e-01
5.558850709348917007e-03,9.944410920143127441e-01
5.696438252925872803e-02,9.430356025695800781e-01
5.963220000267028809e-01,4.036779701709747314e-01
2.305917814373970032e-02,9.769408106803894043e-01
4.854061007499694824e-01,5.145938992500305176e-01
3.562239110469818115e-01,6.437760591506958008e-01
4.425736665725708008e-01,5.574262738227844238e-01
3.177449107170104980e-01,6.822551488876342773e-01
4.523284137248992920e-01,5.476716160774230957e-01
2.501167058944702148e-01,7.498832345008850098e-01
2.674368619918823242e-01,7.325631976127624512e-01
2.449877932667732239e-02,9.755011796951293945e-01
7.511931657791137695e-01,2.488068193197250366e-01
6.745393872261047363e-01,3.254606723785400391e-01
1.204692050814628601e-01,8.795308470726013184e-01
3.823491036891937256e-01,6.176508665084838867e-01
9.672383219003677368e-02,9.032761454582214355e-01
5.120815634727478027e-01,4.879184067249298096e-01
3.122029080986976624e-02,9.687796831130981445e-01
2.497151494026184082e-01,7.502848505973815918e-01
1.278313100337982178e-01,8.721686601638793945e-01
2.682915925979614258e-01,7.317084074020385742e-01
2.352657318115234375e-01,7.647342681884765625e-01
1.744578778743743896e-01,8.255421519279479980e-01
5.826976299285888672e-01,4.173023402690887451e-01
4.135433733463287354e-01,5.864566564559936523e-01
8.036074042320251465e-02,9.196392297744750977e-01
4.040624499320983887e-01,5.959375500679016113e-01
5.807488784193992615e-02,9.419251084327697754e-01
8.970462530851364136e-02,9.102954268455505371e-01
5.626981258392333984e-01,4.373019039630889893e-01
3.474880754947662354e-01,6.525119543075561523e-01
4.768543243408203125e-01,5.231456756591796875e-01
1.042973995208740234e-02,9.895702600479125977e-01
1.552136987447738647e-01,8.447862863540649414e-01
4.295253157615661621e-01,5.704746842384338379e-01
2.098163366317749023e-01,7.901836633682250977e-01
1.929447171278297901e-03,9.980705380439758301e-01
3.831220269203186035e-01,6.168779730796813965e-01
5.642560720443725586e-01,4.357438981533050537e-01
3.260553814470767975e-03,9.967394471168518066e-01
3.745712935924530029e-01,6.254287362098693848e-01
5.953522324562072754e-01,4.046478271484375000e-01
2.938985452055931091e-02,9.706101417541503906e-01
2.589217126369476318e-01,7.410783171653747559e-01
4.655062258243560791e-01,5.344938039779663086e-01
1.102805435657501221e-01,8.897194862365722656e-01
3.035551309585571289e-01,6.964449286460876465e-01
3.653884166851639748e-03,9.963461756706237793e-01
1.885229721665382385e-03,9.981148242950439453e-01
7.750166580080986023e-03,9.922498464584350586e-01
1.804277271730825305e-04,9.998195767402648926e-01
1.905425451695919037e-03,9.980946183204650879e-01
2.629639056976884604e-04,9.997370839118957520e-01
7.814156124368309975e-04,9.992185831069946289e-01
1.710860989987850189e-03,9.982891678810119629e-01
2.004856476560235023e-03,9.979951381683349609e-01
9.062136709690093994e-02,9.093786478042602539e-01
1.827403175411745906e-04,9.998173117637634277e-01
2.313793748617172241e-01,7.686206102371215820e-01
5.213196948170661926e-02,9.478679895401000977e-01
7.184196263551712036e-02,9.281580448150634766e-01
9.440547972917556763e-02,9.055945277214050293e-01
2.713550347834825516e-04,9.997286200523376465e-01
5.324158668518066406e-01,4.675841629505157471e-01
1.237963326275348663e-03,9.987620115280151367e-01
1.306051708525046706e-04,9.998693466186523438e-01
2.659565070644021034e-04,9.997339844703674316e-01
4.084163345396518707e-03,9.959158301353454590e-01
5.627140998840332031e-01,4.372859001159667969e-01
7.370672225952148438e-01,2.629327476024627686e-01
2.036986202001571655e-01,7.963013648986816406e-01
2.695150942599866539e-05,9.999730587005615234e-01
2.895955741405487061e-01,7.104043960571289062e-01
1.036089015542529523e-04,9.998964071273803711e-01
1.562347263097763062e-01,8.437652587890625000e-01
6.281793713569641113e-01,3.718206882476806641e-01
1.129727065563201904e-01,8.870272636413574219e-01
1.166725181974470615e-03,9.988332390785217285e-01
1.313818804919719696e-02,9.868618249893188477e-01
6.316754221916198730e-01,3.683246076107025146e-01
1.828623353503644466e-04,9.998171925544738770e-01
2.630263864994049072e-01,7.369735836982727051e-01
4.871196870226413012e-04,9.995129108428955078e-01
1.720296144485473633e-01,8.279703259468078613e-01
1.588708371855318546e-03,9.984112977981567383e-01
7.995305210351943970e-02,9.200469255447387695e-01
1.366870403289794922e-01,8.633129596710205078e-01
1.200875034555792809e-03,9.987990856170654297e-01
8.187483996152877808e-02,9.181250929832458496e-01
4.878432955592870712e-03,9.951215386390686035e-01
1.423337906599044800e-01,8.576661348342895508e-01
5.688048005104064941e-01,4.311951994895935059e-01
1.875564269721508026e-02,9.812443852424621582e-01
2.925494015216827393e-01,7.074505686759948730e-01
1.544927805662155151e-02,9.845506548881530762e-01
2.882221527397632599e-02,9.711777567863464355e-01
6.550264661200344563e-04,9.993450045585632324e-01
3.254162729717791080e-04,9.996745586395263672e-01
3.723147809505462646e-01,6.276851892471313477e-01
4.816322762053459883e-04,9.995183944702148438e-01
3.704759180545806885e-01,6.295241117477416992e-01
3.628910481929779053e-01,6.371090412139892578e-01
1.953153125941753387e-02,9.804685115814208984e-01
3.863346762955188751e-03,9.961366057395935059e-01
1.852435816545039415e-04,9.998148083686828613e-01
4.216513130813837051e-03,9.957835674285888672e-01
4.569089214783161879e-04,9.995430707931518555e-01
1.590400189161300659e-02,9.840959310531616211e-01
1.149693154729902744e-03,9.988503456115722656e-01
2.995867180288769305e-05,9.999700784683227539e-01
2.078772485256195068e-01,7.921227216720581055e-01
1.194076053798198700e-02,9.880592226982116699e-01
2.653343081474304199e-01,7.346656918525695801e-01
3.486592471599578857e-01,6.513407230377197266e-01
5.427749156951904297e-01,4.572251141071319580e-01
1.191662158817052841e-04,9.998807907104492188e-01
1.206746045500040054e-02,9.879325032234191895e-01
6.185993552207946777e-04,9.993814229965209961e-01
4.426806792616844177e-02,9.557319283485412598e-01
1.726092025637626648e-02,9.827390909194946289e-01
2.226873338222503662e-01,7.773126363754272461e-01
1.337204873561859131e-02,9.866279959678649902e-01
3.948834240436553955e-01,6.051166057586669922e-01
3.325282037258148193e-01,6.674718260765075684e-01
2.013807743787765503e-01,7.986191511154174805e-01
1.311798812821507454e-03,9.986881613731384277e-01
1.713392324745655060e-03,9.982865452766418457e-01
2.650292813777923584e-01,7.349706888198852539e-01
3.710601627826690674e-01,6.289398074150085449e-01
4.129571616649627686e-01,5.870428085327148438e-01
1.956291496753692627e-03,9.980436563491821289e-01
4.429065447766333818e-04,9.995570778846740723e-01
3.255562782287597656e-01,6.744437217712402344e-01
1.630505770444869995e-01,8.369493484497070312e-01
9.215957834385335445e-05,9.999078512191772461e-01
1.389353885315358639e-03,9.986106157302856445e-01
5.094882845878601074e-01,4.905117750167846680e-01
5.014426708221435547e-01,4.985573291778564453e-01
6.866281032562255859e-01,3.133719861507415771e-01
5.651339888572692871e-01,4.348660409450531006e-01
2.648437023162841797e-01,7.351562976837158203e-01
2.006467664614319801e-03,9.979935884475708008e-01
2.867701053619384766e-01,7.132298946380615234e-01
3.998524248600006104e-01,6.001476049423217773e-01
5.887958407402038574e-01,4.112041592597961426e-01
2.926626242697238922e-03,9.970734119415283203e-01
2.899462580680847168e-01,7.100537419319152832e-01
3.920242190361022949e-03,9.960797429084777832e-01
1.892478205263614655e-02,9.810752272605895996e-01
1.482459920225664973e-04,9.998517036437988281e-01
8.301430381834506989e-03,9.916986227035522461e-01
1.357206702232360840e-02,9.864279627799987793e-01
2.545424504205584526e-03,9.974545836448669434e-01
2.092186808586120605e-01,7.907813191413879395e-01
3.694292008876800537e-01,6.305707693099975586e-01
7.263702154159545898e-02,9.273629188537597656e-01
6.735074333846569061e-03,9.932649135589599609e-01
1.018551886081695557e-01,8.981448411941528320e-01
2.632410638034343719e-02,9.736758470535278320e-01
3.568588793277740479e-01,6.431411504745483398e-01
2.956843818537890911e-04,9.997043013572692871e-01
4.984008967876434326e-01,5.015991926193237305e-01
2.703820168972015381e-02,9.729617834091186523e-01
2.591004304122179747e-04,9.997408986091613770e-01
2.027959562838077545e-03,9.979720711708068848e-01
2.583175373729318380e-04,9.997417330741882324e-01
5.430228076875209808e-03,9.945697188377380371e-01
3.216192417312413454e-04,9.996783733367919922e-01
3.121550381183624268e-01,6.878449916839599609e-01
4.254801664501428604e-03,9.957452416419982910e-01
2.501996699720621109e-03,9.974979758262634277e-01
5.900028347969055176e-01,4.099972248077392578e-01
7.984690018929541111e-04,9.992015957832336426e-01
4.066988360136747360e-03,9.959329962730407715e-01
9.324823506176471710e-03,9.906751513481140137e-01
2.333493466721847653e-04,9.997666478157043457e-01
7.267199158668518066e-01,2.732801139354705811e-01
2.398484349250793457e-01,7.601515054702758789e-01
4.187133163213729858e-02,9.581286311149597168e-01
6.826462777098640800e-05,9.999316930770874023e-01
4.585219081491231918e-03,9.954147338867187500e-01
1.845465004444122314e-01,8.154535293579101562e-01
1.180603168904781342e-02,9.881939888000488281e-01
4.536005854606628418e-01,5.463994145393371582e-01
1.828828640282154083e-02,9.817117452621459961e-01
6.911176443099975586e-02,9.308882355690002441e-01
2.512676655896939337e-05,9.999748468399047852e-01
8.442214131355285645e-02,9.155778884887695312e-01
2.695701420307159424e-01,7.304298877716064453e-01
6.475551426410675049e-02,9.352445006370544434e-01
4.397643351694568992e-05,9.999560117721557617e-01
1.780524966306984425e-03,9.982194304466247559e-01
2.541704475879669189e-01,7.458295822143554688e-01
3.536247611045837402e-01,6.463752388954162598e-01
4.197225272655487061e-01,5.802775025367736816e-01
3.758807107806205750e-02,9.624119997024536133e-01
4.985259771347045898e-01,5.014740228652954102e-01
6.124533712863922119e-03,9.938754439353942871e-01
6.321123838424682617e-01,3.678876161575317383e-01
3.909032046794891357e-01,6.090968251228332520e-01
2.215891182422637939e-01,7.784109115600585938e-01
1.420839107595384121e-04,9.998579025268554688e-01
4.887220859527587891e-01,5.112779736518859863e-01
9.426685282960534096e-04,9.990573525428771973e-01
2.479962445795536041e-02,9.752003550529479980e-01
1.671519130468368530e-01,8.328480720520019531e-01
1.761180465109646320e-03,9.982388019561767578e-01
4.843309223651885986e-01,5.156691074371337891e-01
1.446318929083645344e-04,9.998553991317749023e-01
1.052483567036688328e-04,9.998947381973266602e-01
1.329082879237830639e-04,9.998670816421508789e-01
7.694296800764277577e-05,9.999231100082397461e-01
7.641201373189687729e-04,9.992358684539794922e-01
2.326449030078947544e-04,9.997673630714416504e-01
3.352389633655548096e-01,6.647610664367675781e-01
4.690298374043777585e-05,9.999531507492065430e-01
4.501499061007052660e-04,9.995498061180114746e-01
1.402520429110154510e-04,9.998596906661987305e-01
7.568381261080503464e-05,9.999243021011352539e-01
2.010055322898551822e-05,9.999798536300659180e-01
2.466859587002545595e-05,9.999753236770629883e-01
6.740365643054246902e-05,9.999326467514038086e-01
3.838097327388823032e-04,9.996161460876464844e-01
5.085681332275271416e-04,9.994914531707763672e-01
2.910794317722320557e-01,7.089205980300903320e-01
7.956670742714777589e-05,9.999203681945800781e-01
2.071660273941233754e-04,9.997928738594055176e-01
6.025954644428566098e-05,9.999396800994873047e-01
2.516515669412910938e-04,9.997482895851135254e-01
3.248270877520553768e-05,9.999675750732421875e-01
1.018733746604993939e-04,9.998980760574340820e-01
1.034797867760062218e-03,9.989651441574096680e-01
5.008202195167541504e-01,4.991797804832458496e-01
1.046989200403913856e-04,9.998953342437744141e-01
7.875732990214601159e-05,9.999212026596069336e-01
2.583436202257871628e-03,9.974164962768554688e-01
5.345940735423937440e-05,9.999465942382812500e-01
1.657203974900767207e-04,9.998342990875244141e-01
1.083309907699003816e-04,9.998916387557983398e-01
6.975407013669610023e-04,9.993025064468383789e-01
4.011591227026656270e-05,9.999598264694213867e-01
2.156932168873026967e-05,9.999784231185913086e-01
4.218124668113887310e-04,9.995781779289245605e-01
2.977238893508911133e-01,7.022761106491088867e-01
1.849684194894507527e-04,9.998150467872619629e-01
1.061248403857462108e-04,9.998939037322998047e-01
4.551160964183509350e-05,9.999544620513916016e-01
3.628262202255427837e-04,9.996371269226074219e-01
2.334677265025675297e-04,9.997665286064147949e-01
3.216278273612260818e-04,9.996783733367919922e-01
1.010044579743407667e-04,9.998990297317504883e-01
3.357162177562713623e-01,6.642836928367614746e-01
9.227679402101784945e-05,9.999077320098876953e-01
1.993565965676680207e-04,9.998006224632263184e-01
1.123071648180484772e-02,9.887692928314208984e-01
6.741630932083353400e-05,9.999325275421142578e-01
8.030592463910579681e-03,9.919694066047668457e-01
5.992130609229207039e-04,9.994007349014282227e-01
6.603766814805567265e-04,9.993396401405334473e-01
2.229050587629899383e-04,9.997771382331848145e-01
2.164127799915149808e-04,9.997835755348205566e-01
6.218720955075696111e-05,9.999377727508544922e-01
5.158448591828346252e-03,9.948415160179138184e-01
2.872840268537402153e-04,9.997126460075378418e-01
4.323633038438856602e-05,9.999567270278930664e-01
2.162669785320758820e-03,9.978373646736145020e-01
3.419884596951305866e-04,9.996579885482788086e-01
7.375908549875020981e-03,9.926241636276245117e-01
2.192580839619040489e-03,9.978074431419372559e-01
1.982413959922268987e-05,9.999802112579345703e-01
1.306698890402913094e-03,9.986932873725891113e-01
2.460689938743598759e-05,9.999754428863525391e-01
2.479892573319375515e-04,9.997519850730895996e-01
5.393285391619428992e-05,9.999461174011230469e-01
2.437005896354094148e-04,9.997562766075134277e-01
6.292441685218364000e-05,9.999370574951171875e-01
3.209760179743170738e-04,9.996790885925292969e-01
1.297830720432102680e-03,9.987021684646606445e-01
2.724046120420098305e-03,9.972760081291198730e-01
2.909927570726722479e-04,9.997089505195617676e-01
2.575578691903501749e-04,9.997424483299255371e-01
6.575391162186861038e-03,9.934246540069580078e-01
9.529371163807809353e-05,9.999047517776489258e-01
4.825407449970953166e-05,9.999517202377319336e-01
2.073786599794402719e-04,9.997926354408264160e-01
2.541634021326899529e-04,9.997457861900329590e-01
5.761937354691326618e-04,9.994238615036010742e-01
6.886064657010138035e-04,9.993114471435546875e-01
3.412622809410095215e-01,6.587376594543457031e-01
1.931689120829105377e-02,9.806830883026123047e-01
2.503380237612873316e-04,9.997496008872985840e-01
1.368348748655989766e-04,9.998631477355957031e-01
4.786259523825719953e-05,9.999520778656005859e-01
3.352123603690415621e-04,9.996647834777832031e-01
5.812317505478858948e-02,9.418767690658569336e-01
4.087372682988643646e-03,9.959126114845275879e-01
5.625141784548759460e-04,9.994375109672546387e-01
4.029235988855361938e-02,9.597076773643493652e-01
2.917561233043670654e-01,7.082439064979553223e-01
4.462587530724704266e-04,9.995537400245666504e-01
1.373051345581188798e-04,9.998626708984375000e-01
4.470174462767317891e-05,9.999552965164184570e-01
6.869824137538671494e-04,9.993129968643188477e-01
3.735610880539752543e-05,9.999626874923706055e-01
1.103345421142876148e-04,9.998896121978759766e-01
4.723122983705252409e-04,9.995276927947998047e-01
1.500694453716278076e-02,9.849931001663208008e-01
3.959494351875036955e-04,9.996040463447570801e-01
1.045116805471479893e-04,9.998954534530639648e-01
3.261496749473735690e-05,9.999673366546630859e-01
2.474720240570604801e-04,9.997525811195373535e-01
8.348337723873555660e-05,9.999165534973144531e-01
6.776229711249470711e-04,9.993224143981933594e-01
1.145809539593756199e-03,9.988541603088378906e-01
4.737507697427645326e-05,9.999526739120483398e-01
2.445933641865849495e-03,9.975541234016418457e-01
2.446352737024426460e-04,9.997553229331970215e-01
5.679139401763677597e-03,9.943208694458007812e-01
4.070036709308624268e-01,5.929963588714599609e-01
5.968433106318116188e-05,9.999402761459350586e-01
5.994054663460701704e-05,9.999400377273559570e-01
1.367079676128923893e-04,9.998632669448852539e-01
3.504224866628646851e-02,9.649577140808105469e-01
5.363363379728980362e-05,9.999463558197021484e-01
8.678131271153688431e-04,9.991322159767150879e-01
1.497434568591415882e-03,9.985026121139526367e-01
1.030908199027180672e-03,9.989690780639648438e-01
1.596523070475086570e-04,9.998403787612915039e-01
6.333945784717798233e-04,9.993665814399719238e-01
9.283176041208207607e-04,9.990715980529785156e-01
4.921598520013503730e-05,9.999507665634155273e-01
1.703423185972496867e-05,9.999829530715942383e-01
2.513450453989207745e-05,9.999748468399047852e-01
1.672298094490543008e-04,9.998327493667602539e-01
8.774757734499871731e-04,9.991225600242614746e-01
1.010387495625764132e-04,9.998989105224609375e-01
2.264538488816469908e-05,9.999773502349853516e-01
1.400276814820244908e-04,9.998599290847778320e-01
1.500856451457366347e-04,9.998499155044555664e-01
3.297718986868858337e-02,9.670228362083435059e-01
1.478629856137558818e-04,9.998520612716674805e-01
5.191566888242959976e-04,9.994809031486511230e-01
4.928371345158666372e-05,9.999507665634155273e-01
2.274047437822446227e-05,9.999772310256958008e-01
6.374744407366961241e-05,9.999362230300903320e-01
2.183942357078194618e-03,9.978160858154296875e-01
2.836252679117023945e-04,9.997163414955139160e-01
3.939394810004159808e-05,9.999606609344482422e-01
9.151187259703874588e-05,9.999084472656250000e-01
4.169397950172424316e-01,5.830601453781127930e-01
9.260769933462142944e-03,9.907392263412475586e-01
6.761913391528651118e-05,9.999324083328247070e-01
1.693244557827711105e-03,9.983067512512207031e-01
1.858410396380349994e-04,9.998142123222351074e-01
7.098176138242706656e-05,9.999290704727172852e-01
4.826065560337156057e-04,9.995174407958984375e-01
3.011407097801566124e-04,9.996988773345947266e-01
7.084319804562255740e-05,9.999291896820068359e-01
1.096377236535772681e-04,9.998903274536132812e-01
3.831528127193450928e-01,6.168471574783325195e-01
1.262566260993480682e-02,9.873743653297424316e-01
5.716795567423105240e-04,9.994283318519592285e-01
1.859413459897041321e-04,9.998140931129455566e-01
2.883042034227401018e-04,9.997116923332214355e-01
2.187282807426527143e-04,9.997813105583190918e-01
3.322613774798810482e-04,9.996677637100219727e-01
3.222016096115112305e-01,6.777983307838439941e-01
3.135559558868408203e-01,6.864439845085144043e-01
9.087112848646938801e-04,9.990912675857543945e-01
4.829919271287508309e-05,9.999517202377319336e-01
4.342422187328338623e-01,5.657577514648437500e-01
8.121935388771817088e-05,9.999188184738159180e-01
6.710997819900512695e-01,3.289002478122711182e-01
5.179505944252014160e-01,4.820493459701538086e-01
1.481956429779529572e-02,9.851803779602050781e-01
7.810895913280546665e-04,9.992189407348632812e-01
1.662886003032326698e-03,9.983370304107666016e-01
2.268883632495999336e-03,9.977311491966247559e-01
1.947068050503730774e-02,9.805293679237365723e-01
1.973745180293917656e-03,9.980261921882629395e-01
1.903818398714065552e-01,8.096181750297546387e-01
3.501066192984580994e-02,9.649893641471862793e-01
4.639399237930774689e-03,9.953606724739074707e-01
2.972933289129287004e-04,9.997026324272155762e-01
9.260011464357376099e-02,9.073998928070068359e-01
3.656457702163606882e-04,9.996343851089477539e-01
2.895898651331663132e-04,9.997103810310363770e-01
4.545346498489379883e-01,5.454652905464172363e-01
4.756459891796112061e-01,5.243539810180664062e-01
9.330528555437922478e-04,9.990670084953308105e-01
2.956190705299377441e-01,7.043809294700622559e-01
5.187377929687500000e-01,4.812622964382171631e-01
3.726404011249542236e-01,6.273596286773681641e-01
4.319772720336914062e-01,5.680227279663085938e-01
4.908904135227203369e-01,5.091095566749572754e-01
2.772928774356842041e-02,9.722707271575927734e-01
2.284069545567035675e-02,9.771593213081359863e-01
3.299987316131591797e-01,6.700013279914855957e-01
5.643727257847785950e-03,9.943562150001525879e-01
1.474292576313018799e-01,8.525707125663757324e-01
4.547368269413709641e-03,9.954527020454406738e-01
1.049668528139591217e-03,9.989503026008605957e-01
6.530652288347482681e-03,9.934693574905395508e-01
6.919755833223462105e-04,9.993079900741577148e-01
2.376416232436895370e-04,9.997623562812805176e-01
2.064256742596626282e-02,9.793574810028076172e-01
4.029704630374908447e-01,5.970295071601867676e-01
2.204724820330739021e-03,9.977953433990478516e-01
3.003296442329883575e-02,9.699670672416687012e-01
2.207385934889316559e-02,9.779260754585266113e-01
2.995846569538116455e-01,7.004153132438659668e-01
6.912583112716674805e-01,3.087417185306549072e-01
4.026694893836975098e-01,5.973305106163024902e-01
7.038359045982360840e-01,2.961640059947967529e-01
2.976300120353698730e-01,7.023699283599853516e-01
8.371624862775206566e-04,9.991627931594848633e-01
4.306386690586805344e-03,9.956935644149780273e-01
2.268579751253128052e-01,7.731420397758483887e-01
5.823580622673034668e-01,4.176418781280517578e-01
2.056175768375396729e-01,7.943824529647827148e-01
2.998882830142974854e-01,7.001116871833801270e-01
2.949035167694091797e-02,9.705096483230590820e-01
1.147987879812717438e-02,9.885200858116149902e-01
3.355935811996459961e-01,6.644064188003540039e-01
1.325595825910568237e-01,8.674403429031372070e-01
1.033942680805921555e-03,9.989660978317260742e-01
1.458972040563821793e-02,9.854103326797485352e-01
3.595406189560890198e-03,9.964046478271484375e-01
3.539038598537445068e-01,6.460961699485778809e-01
1.472837408073246479e-03,9.985271692276000977e-01
1.471489965915679932e-01,8.528509736061096191e-01
4.759421572089195251e-03,9.952405691146850586e-01
1.655072271823883057e-01,8.344927430152893066e-01
3.123584319837391376e-04,9.996876716613769531e-01
9.972478437703102827e-05,9.999002218246459961e-01
9.068966843187808990e-03,9.909310340881347656e-01
8.771389722824096680e-03,9.912285804748535156e-01
1.987921772524714470e-03,9.980120658874511719e-01
9.551709517836570740e-03,9.904482960700988770e-01
6.287474534474313259e-04,9.993712306022644043e-01
